#NACA 0012 Airfoil M=0.0% P=0.0% T=12.0%
   1.000000000000000                   0
   0.999416100000000   0.001341900000000
   0.997665800000000   0.001587000000000
   0.994753200000000   0.001993800000000
   0.990685000000000   0.002559500000000
   0.985470900000000   0.003280400000000
   0.979122900000000   0.004151900000000
   0.971655900000000   0.005168500000000
   0.963087300000000   0.006323800000000
   0.953437200000000   0.007610800000000
   0.942728000000000   0.009021700000000
   0.930984900000000   0.010548500000000
   0.918235100000000   0.012182300000000
   0.904508500000000   0.013914300000000
   0.889837200000000   0.015735100000000
   0.874255400000000   0.017635300000000
   0.857799500000000   0.019605100000000
   0.840507900000000   0.021634700000000
   0.822421100000000   0.023714200000000
   0.803581300000000   0.025833700000000
   0.784032400000000   0.027982800000000
   0.763820200000000   0.030151500000000
   0.742991700000000   0.032329400000000
   0.721595800000000   0.034505800000000
   0.699682300000000   0.036670000000000
   0.677302500000000   0.038810900000000
   0.654508500000000   0.040917400000000
   0.631353700000000   0.042977800000000
   0.607892100000000   0.044980200000000
   0.584178600000000   0.046912400000000
   0.560268300000000   0.048761900000000
   0.536217400000000   0.050516100000000
   0.512081900000000   0.052162000000000
   0.487918100000000   0.053686600000000
   0.463782600000000   0.055076900000000
   0.439731700000000   0.056320000000000
   0.415821500000000   0.057403300000000
   0.392107900000000   0.058314500000000
   0.368646300000000   0.059041900000000
   0.345491500000000   0.059574700000000
   0.322697600000000   0.059902800000000
   0.300317700000000   0.060017200000000
   0.278404200000000   0.059910200000000
   0.257008300000000   0.059575500000000
   0.236179900000000   0.059008100000000
   0.215967600000000   0.058204800000000
   0.196418700000000   0.057164000000000
   0.177578900000000   0.055885600000000
   0.159492100000000   0.054371500000000
   0.142200500000000   0.052625100000000
   0.125744600000000   0.050651300000000
   0.110162800000000   0.048456700000000
   0.095491500000000   0.046048900000000
   0.081764900000000   0.043437100000000
   0.069015200000000   0.040631000000000
   0.057272000000000   0.037641400000000
   0.046562800000000   0.034479200000000
   0.036912700000000   0.031155900000000
   0.028344100000000   0.027682700000000
   0.020877100000000   0.024070600000000
   0.014529100000000   0.020330000000000
   0.009314900000000   0.016470600000000
   0.005246800000000   0.012501100000000
   0.002334200000000   0.008428900000000
   0.000583900000000   0.004260300000000
                   0                   0
   0.000583900000000  -0.004260300000000
   0.002334200000000  -0.008428900000000
   0.005246800000000  -0.012501100000000
   0.009314900000000  -0.016470600000000
   0.014529100000000  -0.020330000000000
   0.020877100000000  -0.024070600000000
   0.028344100000000  -0.027682700000000
   0.036912700000000  -0.031155900000000
   0.046562800000000  -0.034479200000000
   0.057272000000000  -0.037641400000000
   0.069015200000000  -0.040631000000000
   0.081764900000000  -0.043437100000000
   0.095491500000000  -0.046048900000000
   0.110162800000000  -0.048456700000000
   0.125744600000000  -0.050651300000000
   0.142200500000000  -0.052625100000000
   0.159492100000000  -0.054371500000000
   0.177578900000000  -0.055885600000000
   0.196418700000000  -0.057164000000000
   0.215967600000000  -0.058204800000000
   0.236179900000000  -0.059008100000000
   0.257008300000000  -0.059575500000000
   0.278404200000000  -0.059910200000000
   0.300317700000000  -0.060017200000000
   0.322697600000000  -0.059902800000000
   0.345491500000000  -0.059574700000000
   0.368646300000000  -0.059041900000000
   0.392107900000000  -0.058314500000000
   0.415821500000000  -0.057403300000000
   0.439731700000000  -0.056320000000000
   0.463782600000000  -0.055076900000000
   0.487918100000000  -0.053686600000000
   0.512081900000000  -0.052162000000000
   0.536217400000000  -0.050516100000000
   0.560268300000000  -0.048761900000000
   0.584178600000000  -0.046912400000000
   0.607892100000000  -0.044980200000000
   0.631353700000000  -0.042977800000000
   0.654508500000000  -0.040917400000000
   0.677302500000000  -0.038810900000000
   0.699682300000000  -0.036670000000000
   0.721595800000000  -0.034505800000000
   0.742991700000000  -0.032329400000000
   0.763820200000000  -0.030151500000000
   0.784032400000000  -0.027982800000000
   0.803581300000000  -0.025833700000000
   0.822421100000000  -0.023714200000000
   0.840507900000000  -0.021634700000000
   0.857799500000000  -0.019605100000000
   0.874255400000000  -0.017635300000000
   0.889837200000000  -0.015735100000000
   0.904508500000000  -0.013914300000000
   0.918235100000000  -0.012182300000000
   0.930984900000000  -0.010548500000000
   0.942728000000000  -0.009021700000000
   0.953437200000000  -0.007610800000000
   0.963087300000000  -0.006323800000000
   0.971655900000000  -0.005168500000000
   0.979122900000000  -0.004151900000000
   0.985470900000000  -0.003280400000000
   0.990685000000000  -0.002559500000000
   0.994753200000000  -0.001993800000000
   0.997665800000000  -0.001587000000000
   0.999416100000000  -0.001341900000000
   1.000000000000000                   0