#Airfoil 
#Group 	 Point 	 x_coord 	 y_coord 	 z_coord 
1 	 1 	 1.000000 	 0.000000 	 0.000000
1 	 2 	 0.998380 	 0.001260 	 0.000000
1 	 3 	 0.994170 	 0.004940 	 0.000000
1 	 4 	 0.988250 	 0.010370 	 0.000000
1 	 5 	 0.980750 	 0.016460 	 0.000000
1 	 6 	 0.971110 	 0.022500 	 0.000000
1 	 7 	 0.958840 	 0.028530 	 0.000000
1 	 8 	 0.943890 	 0.034760 	 0.000000
1 	 9 	 0.926390 	 0.041160 	 0.000000
1 	 10 	 0.906410 	 0.047680 	 0.000000
1 	 11 	 0.884060 	 0.054270 	 0.000000
1 	 12 	 0.859470 	 0.060890 	 0.000000
1 	 13 	 0.832770 	 0.067490 	 0.000000
1 	 14 	 0.804120 	 0.074020 	 0.000000
1 	 15 	 0.773690 	 0.080440 	 0.000000
1 	 16 	 0.741660 	 0.086710 	 0.000000
1 	 17 	 0.708230 	 0.092770 	 0.000000
1 	 18 	 0.673600 	 0.098590 	 0.000000
1 	 19 	 0.637980 	 0.104120 	 0.000000
1 	 20 	 0.601580 	 0.109350 	 0.000000
1 	 21 	 0.564650 	 0.114250 	 0.000000
1 	 22 	 0.527440 	 0.118810 	 0.000000
1 	 23 	 0.490250 	 0.123030 	 0.000000
1 	 24 	 0.453400 	 0.126830 	 0.000000
1 	 25 	 0.417210 	 0.130110 	 0.000000
1 	 26 	 0.381930 	 0.132710 	 0.000000
1 	 27 	 0.347770 	 0.134470 	 0.000000
1 	 28 	 0.314880 	 0.135260 	 0.000000
1 	 29 	 0.283470 	 0.135050 	 0.000000
1 	 30 	 0.253700 	 0.133460 	 0.000000
1 	 31 	 0.225410 	 0.130370 	 0.000000
1 	 32 	 0.198460 	 0.125940 	 0.000000
1 	 33 	 0.172860 	 0.120260 	 0.000000
1 	 34 	 0.148630 	 0.113550 	 0.000000
1 	 35 	 0.125910 	 0.105980 	 0.000000
1 	 36 	 0.104820 	 0.097700 	 0.000000
1 	 37 	 0.085450 	 0.088790 	 0.000000
1 	 38 	 0.067890 	 0.079400 	 0.000000
1 	 39 	 0.052230 	 0.069650 	 0.000000
1 	 40 	 0.038550 	 0.059680 	 0.000000
1 	 41 	 0.026940 	 0.049660 	 0.000000
1 	 42 	 0.017550 	 0.039610 	 0.000000
1 	 43 	 0.010280 	 0.029540 	 0.000000
1 	 44 	 0.004950 	 0.019690 	 0.000000
1 	 45 	 0.000000 	 0.000000 	 0.000000
2 	 1 	 1.000000 	 0.000000 	 0.000000
2 	 2 	 0.998250 	 0.001150 	 0.000000
2 	 3 	 0.992680 	 0.004680 	 0.000000
2 	 4 	 0.982550 	 0.010600 	 0.000000
2 	 5 	 0.966930 	 0.018220 	 0.000000
2 	 6 	 0.945730 	 0.026240 	 0.000000
2 	 7 	 0.919660 	 0.033870 	 0.000000
2 	 8 	 0.889280 	 0.040880 	 0.000000
2 	 9 	 0.855000 	 0.047060 	 0.000000
2 	 10 	 0.817290 	 0.052190 	 0.000000
2 	 11 	 0.776600 	 0.056120 	 0.000000
2 	 12 	 0.733440 	 0.058720 	 0.000000
2 	 13 	 0.688320 	 0.059940 	 0.000000
2 	 14 	 0.641760 	 0.059760 	 0.000000
2 	 15 	 0.594280 	 0.058200 	 0.000000
2 	 16 	 0.546390 	 0.055340 	 0.000000
2 	 17 	 0.498600 	 0.051290 	 0.000000
2 	 18 	 0.451390 	 0.046180 	 0.000000
2 	 19 	 0.405190 	 0.040210 	 0.000000
2 	 20 	 0.360440 	 0.033580 	 0.000000
2 	 21 	 0.317500 	 0.026520 	 0.000000
2 	 22 	 0.276730 	 0.019280 	 0.000000
2 	 23 	 0.238400 	 0.012130 	 0.000000
2 	 24 	 0.202780 	 0.005350 	 0.000000
2 	 25 	 0.170060 	 -0.000750 	 0.000000
2 	 26 	 0.140200 	 -0.005630 	 0.000000
2 	 27 	 0.112820 	 -0.009250 	 0.000000
2 	 28 	 0.087870 	 -0.012020 	 0.000000
2 	 29 	 0.065610 	 -0.014040 	 0.000000
2 	 30 	 0.046270 	 -0.015320 	 0.000000
2 	 31 	 0.030060 	 -0.015840 	 0.000000
2 	 32 	 0.017180 	 -0.015500 	 0.000000
2 	 33 	 0.007890 	 -0.014270 	 0.000000
2 	 34 	 0.002640 	 -0.011200 	 0.000000
2 	 35 	 0.000440 	 -0.005610 	 0.000000
2 	 36 	 0.000000 	 0.000000 	 0.000000
3 	 1 	 1.000000 	 2.000000 	 0.000000
3 	 2 	 0.968108 	 1.999748 	 0.000000
3 	 3 	 0.935903 	 1.998993 	 0.000000
3 	 4 	 0.903394 	 1.997735 	 0.000000
3 	 5 	 0.870590 	 1.995973 	 0.000000
3 	 6 	 0.837498 	 1.993710 	 0.000000
3 	 7 	 0.804127 	 1.990944 	 0.000000
3 	 8 	 0.770487 	 1.987677 	 0.000000
3 	 9 	 0.736585 	 1.983910 	 0.000000
3 	 10 	 0.702433 	 1.979643 	 0.000000
3 	 11 	 0.668037 	 1.974878 	 0.000000
3 	 12 	 0.633409 	 1.969616 	 0.000000
3 	 13 	 0.598558 	 1.963857 	 0.000000
3 	 14 	 0.563493 	 1.957605 	 0.000000
3 	 15 	 0.528224 	 1.950860 	 0.000000
3 	 16 	 0.492761 	 1.943623 	 0.000000
3 	 17 	 0.457114 	 1.935897 	 0.000000
3 	 18 	 0.421294 	 1.927684 	 0.000000
3 	 19 	 0.385311 	 1.918986 	 0.000000
3 	 20 	 0.349175 	 1.909804 	 0.000000
3 	 21 	 0.312896 	 1.900142 	 0.000000
3 	 22 	 0.276486 	 1.890002 	 0.000000
3 	 23 	 0.239955 	 1.879385 	 0.000000
3 	 24 	 0.203315 	 1.868296 	 0.000000
3 	 25 	 0.166575 	 1.856736 	 0.000000
3 	 26 	 0.129748 	 1.844709 	 0.000000
3 	 27 	 0.092844 	 1.832217 	 0.000000
3 	 28 	 0.055875 	 1.819264 	 0.000000
3 	 29 	 0.018852 	 1.805853 	 0.000000
3 	 30 	 -0.018213 	 1.791988 	 0.000000
3 	 31 	 -0.055310 	 1.777671 	 0.000000
3 	 32 	 -0.092425 	 1.762907 	 0.000000
3 	 33 	 -0.129548 	 1.747699 	 0.000000
3 	 34 	 -0.166667 	 1.732051 	 0.000000
3 	 35 	 -0.203769 	 1.715967 	 0.000000
3 	 36 	 -0.240844 	 1.699451 	 0.000000
3 	 37 	 -0.277878 	 1.682507 	 0.000000
3 	 38 	 -0.314861 	 1.665140 	 0.000000
3 	 39 	 -0.351779 	 1.647353 	 0.000000
3 	 40 	 -0.388621 	 1.629152 	 0.000000
3 	 41 	 -0.425375 	 1.610541 	 0.000000
3 	 42 	 -0.462027 	 1.591524 	 0.000000
3 	 43 	 -0.498567 	 1.572106 	 0.000000
3 	 44 	 -0.534982 	 1.552293 	 0.000000
3 	 45 	 -0.571259 	 1.532089 	 0.000000
3 	 46 	 -0.607385 	 1.511499 	 0.000000
3 	 47 	 -0.643350 	 1.490529 	 0.000000
3 	 48 	 -0.679139 	 1.469183 	 0.000000
3 	 49 	 -0.714742 	 1.447468 	 0.000000
3 	 50 	 -0.750144 	 1.425388 	 0.000000
3 	 51 	 -0.785335 	 1.402950 	 0.000000
3 	 52 	 -0.820301 	 1.380158 	 0.000000
3 	 53 	 -0.855030 	 1.357019 	 0.000000
3 	 54 	 -0.889509 	 1.333538 	 0.000000
3 	 55 	 -0.923726 	 1.309721 	 0.000000
3 	 56 	 -0.957669 	 1.285575 	 0.000000
3 	 57 	 -0.991325 	 1.261105 	 0.000000
3 	 58 	 -1.024682 	 1.236318 	 0.000000
3 	 59 	 -1.057728 	 1.211219 	 0.000000
3 	 60 	 -1.090449 	 1.185816 	 0.000000
3 	 61 	 -1.122834 	 1.160114 	 0.000000
3 	 62 	 -1.154871 	 1.134120 	 0.000000
3 	 63 	 -1.186547 	 1.107840 	 0.000000
3 	 64 	 -1.217850 	 1.081282 	 0.000000
3 	 65 	 -1.248768 	 1.054451 	 0.000000
3 	 66 	 -1.279289 	 1.027355 	 0.000000
3 	 67 	 -1.309401 	 1.000000 	 0.000000
3 	 68 	 -1.339092 	 0.972393 	 0.000000
3 	 69 	 -1.368349 	 0.944542 	 0.000000
3 	 70 	 -1.397162 	 0.916453 	 0.000000
3 	 71 	 -1.425519 	 0.888133 	 0.000000
3 	 72 	 -1.453406 	 0.859590 	 0.000000
3 	 73 	 -1.480815 	 0.830830 	 0.000000
3 	 74 	 -1.507731 	 0.801861 	 0.000000
3 	 75 	 -1.534145 	 0.772690 	 0.000000
3 	 76 	 -1.560045 	 0.743325 	 0.000000
3 	 77 	 -1.585419 	 0.713772 	 0.000000
3 	 78 	 -1.610257 	 0.684040 	 0.000000
3 	 79 	 -1.634548 	 0.654136 	 0.000000
3 	 80 	 -1.658280 	 0.624067 	 0.000000
3 	 81 	 -1.681443 	 0.593841 	 0.000000
3 	 82 	 -1.704026 	 0.563465 	 0.000000
3 	 83 	 -1.726018 	 0.532948 	 0.000000
3 	 84 	 -1.747410 	 0.502296 	 0.000000
3 	 85 	 -1.768191 	 0.471518 	 0.000000
3 	 86 	 -1.788350 	 0.440621 	 0.000000
3 	 87 	 -1.807878 	 0.409613 	 0.000000
3 	 88 	 -1.826764 	 0.378502 	 0.000000
3 	 89 	 -1.845000 	 0.347296 	 0.000000
3 	 90 	 -1.862575 	 0.316003 	 0.000000
3 	 91 	 -1.879481 	 0.284630 	 0.000000
3 	 92 	 -1.895706 	 0.253185 	 0.000000
3 	 93 	 -1.911244 	 0.221676 	 0.000000
3 	 94 	 -1.926084 	 0.190112 	 0.000000
3 	 95 	 -1.940218 	 0.158500 	 0.000000
3 	 96 	 -1.953637 	 0.126848 	 0.000000
3 	 97 	 -1.966333 	 0.095164 	 0.000000
3 	 98 	 -1.978298 	 0.063456 	 0.000000
3 	 99 	 -1.989523 	 0.031732 	 0.000000
3 	 100 	 -2.000000 	 0.000000 	 0.000000
4 	 1 	 -2.000000 	 0.000000 	 0.000000
4 	 2 	 -1.989523 	 -0.031732 	 0.000000
4 	 3 	 -1.978298 	 -0.063456 	 0.000000
4 	 4 	 -1.966333 	 -0.095164 	 0.000000
4 	 5 	 -1.953637 	 -0.126848 	 0.000000
4 	 6 	 -1.940218 	 -0.158500 	 0.000000
4 	 7 	 -1.926084 	 -0.190112 	 0.000000
4 	 8 	 -1.911244 	 -0.221676 	 0.000000
4 	 9 	 -1.895706 	 -0.253185 	 0.000000
4 	 10 	 -1.879481 	 -0.284630 	 0.000000
4 	 11 	 -1.862575 	 -0.316003 	 0.000000
4 	 12 	 -1.845000 	 -0.347296 	 0.000000
4 	 13 	 -1.826764 	 -0.378502 	 0.000000
4 	 14 	 -1.807878 	 -0.409613 	 0.000000
4 	 15 	 -1.788350 	 -0.440621 	 0.000000
4 	 16 	 -1.768191 	 -0.471518 	 0.000000
4 	 17 	 -1.747410 	 -0.502296 	 0.000000
4 	 18 	 -1.726018 	 -0.532948 	 0.000000
4 	 19 	 -1.704026 	 -0.563465 	 0.000000
4 	 20 	 -1.681443 	 -0.593841 	 0.000000
4 	 21 	 -1.658280 	 -0.624067 	 0.000000
4 	 22 	 -1.634548 	 -0.654136 	 0.000000
4 	 23 	 -1.610257 	 -0.684040 	 0.000000
4 	 24 	 -1.585419 	 -0.713772 	 0.000000
4 	 25 	 -1.560045 	 -0.743325 	 0.000000
4 	 26 	 -1.534145 	 -0.772690 	 0.000000
4 	 27 	 -1.507731 	 -0.801861 	 0.000000
4 	 28 	 -1.480815 	 -0.830830 	 0.000000
4 	 29 	 -1.453406 	 -0.859590 	 0.000000
4 	 30 	 -1.425519 	 -0.888133 	 0.000000
4 	 31 	 -1.397162 	 -0.916453 	 0.000000
4 	 32 	 -1.368349 	 -0.944542 	 0.000000
4 	 33 	 -1.339092 	 -0.972393 	 0.000000
4 	 34 	 -1.309401 	 -1.000000 	 0.000000
4 	 35 	 -1.279289 	 -1.027355 	 0.000000
4 	 36 	 -1.248768 	 -1.054451 	 0.000000
4 	 37 	 -1.217850 	 -1.081282 	 0.000000
4 	 38 	 -1.186547 	 -1.107840 	 0.000000
4 	 39 	 -1.154871 	 -1.134120 	 0.000000
4 	 40 	 -1.122834 	 -1.160114 	 0.000000
4 	 41 	 -1.090449 	 -1.185816 	 0.000000
4 	 42 	 -1.057728 	 -1.211219 	 0.000000
4 	 43 	 -1.024682 	 -1.236318 	 0.000000
4 	 44 	 -0.991325 	 -1.261105 	 0.000000
4 	 45 	 -0.957669 	 -1.285575 	 0.000000
4 	 46 	 -0.923726 	 -1.309721 	 0.000000
4 	 47 	 -0.889509 	 -1.333538 	 0.000000
4 	 48 	 -0.855030 	 -1.357019 	 0.000000
4 	 49 	 -0.820301 	 -1.380158 	 0.000000
4 	 50 	 -0.785335 	 -1.402950 	 0.000000
4 	 51 	 -0.750144 	 -1.425388 	 0.000000
4 	 52 	 -0.714742 	 -1.447468 	 0.000000
4 	 53 	 -0.679139 	 -1.469183 	 0.000000
4 	 54 	 -0.643350 	 -1.490529 	 0.000000
4 	 55 	 -0.607385 	 -1.511499 	 0.000000
4 	 56 	 -0.571259 	 -1.532089 	 0.000000
4 	 57 	 -0.534982 	 -1.552293 	 0.000000
4 	 58 	 -0.498567 	 -1.572106 	 0.000000
4 	 59 	 -0.462027 	 -1.591524 	 0.000000
4 	 60 	 -0.425375 	 -1.610541 	 0.000000
4 	 61 	 -0.388621 	 -1.629152 	 0.000000
4 	 62 	 -0.351779 	 -1.647353 	 0.000000
4 	 63 	 -0.314861 	 -1.665140 	 0.000000
4 	 64 	 -0.277878 	 -1.682507 	 0.000000
4 	 65 	 -0.240844 	 -1.699451 	 0.000000
4 	 66 	 -0.203769 	 -1.715967 	 0.000000
4 	 67 	 -0.166667 	 -1.732051 	 0.000000
4 	 68 	 -0.129548 	 -1.747699 	 0.000000
4 	 69 	 -0.092425 	 -1.762907 	 0.000000
4 	 70 	 -0.055310 	 -1.777671 	 0.000000
4 	 71 	 -0.018213 	 -1.791988 	 0.000000
4 	 72 	 0.018852 	 -1.805853 	 0.000000
4 	 73 	 0.055875 	 -1.819264 	 0.000000
4 	 74 	 0.092844 	 -1.832217 	 0.000000
4 	 75 	 0.129748 	 -1.844709 	 0.000000
4 	 76 	 0.166575 	 -1.856736 	 0.000000
4 	 77 	 0.203315 	 -1.868296 	 0.000000
4 	 78 	 0.239955 	 -1.879385 	 0.000000
4 	 79 	 0.276486 	 -1.890002 	 0.000000
4 	 80 	 0.312896 	 -1.900142 	 0.000000
4 	 81 	 0.349175 	 -1.909804 	 0.000000
4 	 82 	 0.385311 	 -1.918986 	 0.000000
4 	 83 	 0.421294 	 -1.927684 	 0.000000
4 	 84 	 0.457114 	 -1.935897 	 0.000000
4 	 85 	 0.492761 	 -1.943623 	 0.000000
4 	 86 	 0.528224 	 -1.950860 	 0.000000
4 	 87 	 0.563493 	 -1.957605 	 0.000000
4 	 88 	 0.598558 	 -1.963857 	 0.000000
4 	 89 	 0.633409 	 -1.969616 	 0.000000
4 	 90 	 0.668037 	 -1.974878 	 0.000000
4 	 91 	 0.702433 	 -1.979643 	 0.000000
4 	 92 	 0.736585 	 -1.983910 	 0.000000
4 	 93 	 0.770487 	 -1.987677 	 0.000000
4 	 94 	 0.804127 	 -1.990944 	 0.000000
4 	 95 	 0.837498 	 -1.993710 	 0.000000
4 	 96 	 0.870590 	 -1.995973 	 0.000000
4 	 97 	 0.903394 	 -1.997735 	 0.000000
4 	 98 	 0.935903 	 -1.998993 	 0.000000
4 	 99 	 0.968108 	 -1.999748 	 0.000000
4 	 100 	 1.000000 	 -2.000000 	 0.000000
5 	 1 	 1.000000 	 0.000000 	 0.000000
5 	 2 	 1.000000 	 0.081633 	 0.000000
5 	 3 	 1.000000 	 0.163265 	 0.000000
5 	 4 	 1.000000 	 0.244898 	 0.000000
5 	 5 	 1.000000 	 0.326531 	 0.000000
5 	 6 	 1.000000 	 0.408163 	 0.000000
5 	 7 	 1.000000 	 0.489796 	 0.000000
5 	 8 	 1.000000 	 0.571429 	 0.000000
5 	 9 	 1.000000 	 0.653061 	 0.000000
5 	 10 	 1.000000 	 0.734694 	 0.000000
5 	 11 	 1.000000 	 0.816327 	 0.000000
5 	 12 	 1.000000 	 0.897959 	 0.000000
5 	 13 	 1.000000 	 0.979592 	 0.000000
5 	 14 	 1.000000 	 1.061224 	 0.000000
5 	 15 	 1.000000 	 1.142857 	 0.000000
5 	 16 	 1.000000 	 1.224490 	 0.000000
5 	 17 	 1.000000 	 1.306122 	 0.000000
5 	 18 	 1.000000 	 1.387755 	 0.000000
5 	 19 	 1.000000 	 1.469388 	 0.000000
5 	 20 	 1.000000 	 1.551020 	 0.000000
5 	 21 	 1.000000 	 1.632653 	 0.000000
5 	 22 	 1.000000 	 1.714286 	 0.000000
5 	 23 	 1.000000 	 1.795918 	 0.000000
5 	 24 	 1.000000 	 1.877551 	 0.000000
5 	 25 	 1.000000 	 1.959184 	 0.000000
5 	 26 	 1.000000 	 2.040816 	 0.000000
5 	 27 	 1.000000 	 2.122449 	 0.000000
5 	 28 	 1.000000 	 2.204082 	 0.000000
5 	 29 	 1.000000 	 2.285714 	 0.000000
5 	 30 	 1.000000 	 2.367347 	 0.000000
5 	 31 	 1.000000 	 2.448980 	 0.000000
5 	 32 	 1.000000 	 2.530612 	 0.000000
5 	 33 	 1.000000 	 2.612245 	 0.000000
5 	 34 	 1.000000 	 2.693878 	 0.000000
5 	 35 	 1.000000 	 2.775510 	 0.000000
5 	 36 	 1.000000 	 2.857143 	 0.000000
5 	 37 	 1.000000 	 2.938776 	 0.000000
5 	 38 	 1.000000 	 3.020408 	 0.000000
5 	 39 	 1.000000 	 3.102041 	 0.000000
5 	 40 	 1.000000 	 3.183673 	 0.000000
5 	 41 	 1.000000 	 3.265306 	 0.000000
5 	 42 	 1.000000 	 3.346939 	 0.000000
5 	 43 	 1.000000 	 3.428571 	 0.000000
5 	 44 	 1.000000 	 3.510204 	 0.000000
5 	 45 	 1.000000 	 3.591837 	 0.000000
5 	 46 	 1.000000 	 3.673469 	 0.000000
5 	 47 	 1.000000 	 3.755102 	 0.000000
5 	 48 	 1.000000 	 3.836735 	 0.000000
5 	 49 	 1.000000 	 3.918367 	 0.000000
5 	 50 	 1.000000 	 4.000000 	 0.000000
6 	 1 	 1.000000 	 0.000000 	 0.000000
6 	 2 	 1.000000 	 -0.081633 	 0.000000
6 	 3 	 1.000000 	 -0.163265 	 0.000000
6 	 4 	 1.000000 	 -0.244898 	 0.000000
6 	 5 	 1.000000 	 -0.326531 	 0.000000
6 	 6 	 1.000000 	 -0.408163 	 0.000000
6 	 7 	 1.000000 	 -0.489796 	 0.000000
6 	 8 	 1.000000 	 -0.571429 	 0.000000
6 	 9 	 1.000000 	 -0.653061 	 0.000000
6 	 10 	 1.000000 	 -0.734694 	 0.000000
6 	 11 	 1.000000 	 -0.816327 	 0.000000
6 	 12 	 1.000000 	 -0.897959 	 0.000000
6 	 13 	 1.000000 	 -0.979592 	 0.000000
6 	 14 	 1.000000 	 -1.061224 	 0.000000
6 	 15 	 1.000000 	 -1.142857 	 0.000000
6 	 16 	 1.000000 	 -1.224490 	 0.000000
6 	 17 	 1.000000 	 -1.306122 	 0.000000
6 	 18 	 1.000000 	 -1.387755 	 0.000000
6 	 19 	 1.000000 	 -1.469388 	 0.000000
6 	 20 	 1.000000 	 -1.551020 	 0.000000
6 	 21 	 1.000000 	 -1.632653 	 0.000000
6 	 22 	 1.000000 	 -1.714286 	 0.000000
6 	 23 	 1.000000 	 -1.795918 	 0.000000
6 	 24 	 1.000000 	 -1.877551 	 0.000000
6 	 25 	 1.000000 	 -1.959184 	 0.000000
6 	 26 	 1.000000 	 -2.040816 	 0.000000
6 	 27 	 1.000000 	 -2.122449 	 0.000000
6 	 28 	 1.000000 	 -2.204082 	 0.000000
6 	 29 	 1.000000 	 -2.285714 	 0.000000
6 	 30 	 1.000000 	 -2.367347 	 0.000000
6 	 31 	 1.000000 	 -2.448980 	 0.000000
6 	 32 	 1.000000 	 -2.530612 	 0.000000
6 	 33 	 1.000000 	 -2.612245 	 0.000000
6 	 34 	 1.000000 	 -2.693878 	 0.000000
6 	 35 	 1.000000 	 -2.775510 	 0.000000
6 	 36 	 1.000000 	 -2.857143 	 0.000000
6 	 37 	 1.000000 	 -2.938776 	 0.000000
6 	 38 	 1.000000 	 -3.020408 	 0.000000
6 	 39 	 1.000000 	 -3.102041 	 0.000000
6 	 40 	 1.000000 	 -3.183673 	 0.000000
6 	 41 	 1.000000 	 -3.265306 	 0.000000
6 	 42 	 1.000000 	 -3.346939 	 0.000000
6 	 43 	 1.000000 	 -3.428571 	 0.000000
6 	 44 	 1.000000 	 -3.510204 	 0.000000
6 	 45 	 1.000000 	 -3.591837 	 0.000000
6 	 46 	 1.000000 	 -3.673469 	 0.000000
6 	 47 	 1.000000 	 -3.755102 	 0.000000
6 	 48 	 1.000000 	 -3.836735 	 0.000000
6 	 49 	 1.000000 	 -3.918367 	 0.000000
6 	 50 	 1.000000 	 -4.000000 	 0.000000
7 	 1 	 -2.000000 	 0.000000 	 0.000000
7 	 2 	 -1.959184 	 0.000000 	 0.000000
7 	 3 	 -1.918367 	 0.000000 	 0.000000
7 	 4 	 -1.877551 	 0.000000 	 0.000000
7 	 5 	 -1.836735 	 0.000000 	 0.000000
7 	 6 	 -1.795918 	 0.000000 	 0.000000
7 	 7 	 -1.755102 	 0.000000 	 0.000000
7 	 8 	 -1.714286 	 0.000000 	 0.000000
7 	 9 	 -1.673469 	 0.000000 	 0.000000
7 	 10 	 -1.632653 	 0.000000 	 0.000000
7 	 11 	 -1.591837 	 0.000000 	 0.000000
7 	 12 	 -1.551020 	 0.000000 	 0.000000
7 	 13 	 -1.510204 	 0.000000 	 0.000000
7 	 14 	 -1.469388 	 0.000000 	 0.000000
7 	 15 	 -1.428571 	 0.000000 	 0.000000
7 	 16 	 -1.387755 	 0.000000 	 0.000000
7 	 17 	 -1.346939 	 0.000000 	 0.000000
7 	 18 	 -1.306122 	 0.000000 	 0.000000
7 	 19 	 -1.265306 	 0.000000 	 0.000000
7 	 20 	 -1.224490 	 0.000000 	 0.000000
7 	 21 	 -1.183673 	 0.000000 	 0.000000
7 	 22 	 -1.142857 	 0.000000 	 0.000000
7 	 23 	 -1.102041 	 0.000000 	 0.000000
7 	 24 	 -1.061224 	 0.000000 	 0.000000
7 	 25 	 -1.020408 	 0.000000 	 0.000000
7 	 26 	 -0.979592 	 0.000000 	 0.000000
7 	 27 	 -0.938776 	 0.000000 	 0.000000
7 	 28 	 -0.897959 	 0.000000 	 0.000000
7 	 29 	 -0.857143 	 0.000000 	 0.000000
7 	 30 	 -0.816327 	 0.000000 	 0.000000
7 	 31 	 -0.775510 	 0.000000 	 0.000000
7 	 32 	 -0.734694 	 0.000000 	 0.000000
7 	 33 	 -0.693878 	 0.000000 	 0.000000
7 	 34 	 -0.653061 	 0.000000 	 0.000000
7 	 35 	 -0.612245 	 0.000000 	 0.000000
7 	 36 	 -0.571429 	 0.000000 	 0.000000
7 	 37 	 -0.530612 	 0.000000 	 0.000000
7 	 38 	 -0.489796 	 0.000000 	 0.000000
7 	 39 	 -0.448980 	 0.000000 	 0.000000
7 	 40 	 -0.408163 	 0.000000 	 0.000000
7 	 41 	 -0.367347 	 0.000000 	 0.000000
7 	 42 	 -0.326531 	 0.000000 	 0.000000
7 	 43 	 -0.285714 	 0.000000 	 0.000000
7 	 44 	 -0.244898 	 0.000000 	 0.000000
7 	 45 	 -0.204082 	 0.000000 	 0.000000
7 	 46 	 -0.163265 	 0.000000 	 0.000000
7 	 47 	 -0.122449 	 0.000000 	 0.000000
7 	 48 	 -0.081633 	 0.000000 	 0.000000
7 	 49 	 -0.040816 	 0.000000 	 0.000000
7 	 50 	 0.000000 	 0.000000 	 0.000000
8 	 1 	 -0.750144 	 1.425388 	 0.000000
8 	 2 	 -0.731308 	 1.398753 	 0.000000
8 	 3 	 -0.712471 	 1.372118 	 0.000000
8 	 4 	 -0.693634 	 1.345483 	 0.000000
8 	 5 	 -0.674797 	 1.318847 	 0.000000
8 	 6 	 -0.655960 	 1.292212 	 0.000000
8 	 7 	 -0.637123 	 1.265577 	 0.000000
8 	 8 	 -0.618287 	 1.238941 	 0.000000
8 	 9 	 -0.599450 	 1.212306 	 0.000000
8 	 10 	 -0.580613 	 1.185671 	 0.000000
8 	 11 	 -0.561776 	 1.159036 	 0.000000
8 	 12 	 -0.542939 	 1.132400 	 0.000000
8 	 13 	 -0.524103 	 1.105765 	 0.000000
8 	 14 	 -0.505266 	 1.079130 	 0.000000
8 	 15 	 -0.486429 	 1.052495 	 0.000000
8 	 16 	 -0.467592 	 1.025859 	 0.000000
8 	 17 	 -0.448755 	 0.999224 	 0.000000
8 	 18 	 -0.429918 	 0.972589 	 0.000000
8 	 19 	 -0.411082 	 0.945953 	 0.000000
8 	 20 	 -0.392245 	 0.919318 	 0.000000
8 	 21 	 -0.373408 	 0.892683 	 0.000000
8 	 22 	 -0.354571 	 0.866048 	 0.000000
8 	 23 	 -0.335734 	 0.839412 	 0.000000
8 	 24 	 -0.316897 	 0.812777 	 0.000000
8 	 25 	 -0.298061 	 0.786142 	 0.000000
8 	 26 	 -0.279224 	 0.759507 	 0.000000
8 	 27 	 -0.260387 	 0.732871 	 0.000000
8 	 28 	 -0.241550 	 0.706236 	 0.000000
8 	 29 	 -0.222713 	 0.679601 	 0.000000
8 	 30 	 -0.203876 	 0.652965 	 0.000000
8 	 31 	 -0.185040 	 0.626330 	 0.000000
8 	 32 	 -0.166203 	 0.599695 	 0.000000
8 	 33 	 -0.147366 	 0.573060 	 0.000000
8 	 34 	 -0.128529 	 0.546424 	 0.000000
8 	 35 	 -0.109692 	 0.519789 	 0.000000
8 	 36 	 -0.090856 	 0.493154 	 0.000000
8 	 37 	 -0.072019 	 0.466519 	 0.000000
8 	 38 	 -0.053182 	 0.439883 	 0.000000
8 	 39 	 -0.034345 	 0.413248 	 0.000000
8 	 40 	 -0.015508 	 0.386613 	 0.000000
8 	 41 	 0.003329 	 0.359977 	 0.000000
8 	 42 	 0.022165 	 0.333342 	 0.000000
8 	 43 	 0.041002 	 0.306707 	 0.000000
8 	 44 	 0.059839 	 0.280072 	 0.000000
8 	 45 	 0.078676 	 0.253436 	 0.000000
8 	 46 	 0.097513 	 0.226801 	 0.000000
8 	 47 	 0.116350 	 0.200166 	 0.000000
8 	 48 	 0.135186 	 0.173531 	 0.000000
8 	 49 	 0.154023 	 0.146895 	 0.000000
8 	 50 	 0.172860 	 0.120260 	 0.000000
9 	 1 	 -0.785335 	 -1.402950 	 0.000000
9 	 2 	 -0.766446 	 -1.374433 	 0.000000
9 	 3 	 -0.747558 	 -1.345916 	 0.000000
9 	 4 	 -0.728669 	 -1.317400 	 0.000000
9 	 5 	 -0.709781 	 -1.288883 	 0.000000
9 	 6 	 -0.690893 	 -1.260366 	 0.000000
9 	 7 	 -0.672004 	 -1.231849 	 0.000000
9 	 8 	 -0.653116 	 -1.203333 	 0.000000
9 	 9 	 -0.634227 	 -1.174816 	 0.000000
9 	 10 	 -0.615339 	 -1.146299 	 0.000000
9 	 11 	 -0.596450 	 -1.117782 	 0.000000
9 	 12 	 -0.577562 	 -1.089266 	 0.000000
9 	 13 	 -0.558673 	 -1.060749 	 0.000000
9 	 14 	 -0.539785 	 -1.032232 	 0.000000
9 	 15 	 -0.520896 	 -1.003716 	 0.000000
9 	 16 	 -0.502008 	 -0.975199 	 0.000000
9 	 17 	 -0.483119 	 -0.946682 	 0.000000
9 	 18 	 -0.464231 	 -0.918165 	 0.000000
9 	 19 	 -0.445342 	 -0.889649 	 0.000000
9 	 20 	 -0.426454 	 -0.861132 	 0.000000
9 	 21 	 -0.407566 	 -0.832615 	 0.000000
9 	 22 	 -0.388677 	 -0.804098 	 0.000000
9 	 23 	 -0.369789 	 -0.775582 	 0.000000
9 	 24 	 -0.350900 	 -0.747065 	 0.000000
9 	 25 	 -0.332012 	 -0.718548 	 0.000000
9 	 26 	 -0.313123 	 -0.690032 	 0.000000
9 	 27 	 -0.294235 	 -0.661515 	 0.000000
9 	 28 	 -0.275346 	 -0.632998 	 0.000000
9 	 29 	 -0.256458 	 -0.604481 	 0.000000
9 	 30 	 -0.237569 	 -0.575965 	 0.000000
9 	 31 	 -0.218681 	 -0.547448 	 0.000000
9 	 32 	 -0.199792 	 -0.518931 	 0.000000
9 	 33 	 -0.180904 	 -0.490414 	 0.000000
9 	 34 	 -0.162015 	 -0.461898 	 0.000000
9 	 35 	 -0.143127 	 -0.433381 	 0.000000
9 	 36 	 -0.124239 	 -0.404864 	 0.000000
9 	 37 	 -0.105350 	 -0.376347 	 0.000000
9 	 38 	 -0.086462 	 -0.347831 	 0.000000
9 	 39 	 -0.067573 	 -0.319314 	 0.000000
9 	 40 	 -0.048685 	 -0.290797 	 0.000000
9 	 41 	 -0.029796 	 -0.262281 	 0.000000
9 	 42 	 -0.010908 	 -0.233764 	 0.000000
9 	 43 	 0.007981 	 -0.205247 	 0.000000
9 	 44 	 0.026869 	 -0.176730 	 0.000000
9 	 45 	 0.045758 	 -0.148214 	 0.000000
9 	 46 	 0.064646 	 -0.119697 	 0.000000
9 	 47 	 0.083535 	 -0.091180 	 0.000000
9 	 48 	 0.102423 	 -0.062663 	 0.000000
9 	 49 	 0.121312 	 -0.034147 	 0.000000
9 	 50 	 0.140200 	 -0.005630 	 0.000000
10 	 1 	 1.000000 	 4.000000 	 0.000000
10 	 2 	 0.897959 	 4.000000 	 0.000000
10 	 3 	 0.795918 	 4.000000 	 0.000000
10 	 4 	 0.693878 	 4.000000 	 0.000000
10 	 5 	 0.591837 	 4.000000 	 0.000000
10 	 6 	 0.489796 	 4.000000 	 0.000000
10 	 7 	 0.387755 	 4.000000 	 0.000000
10 	 8 	 0.285714 	 4.000000 	 0.000000
10 	 9 	 0.183673 	 4.000000 	 0.000000
10 	 10 	 0.081633 	 4.000000 	 0.000000
10 	 11 	 -0.020408 	 4.000000 	 0.000000
10 	 12 	 -0.122449 	 4.000000 	 0.000000
10 	 13 	 -0.224490 	 4.000000 	 0.000000
10 	 14 	 -0.326531 	 4.000000 	 0.000000
10 	 15 	 -0.428571 	 4.000000 	 0.000000
10 	 16 	 -0.530612 	 4.000000 	 0.000000
10 	 17 	 -0.632653 	 4.000000 	 0.000000
10 	 18 	 -0.734694 	 4.000000 	 0.000000
10 	 19 	 -0.836735 	 4.000000 	 0.000000
10 	 20 	 -0.938776 	 4.000000 	 0.000000
10 	 21 	 -1.040816 	 4.000000 	 0.000000
10 	 22 	 -1.142857 	 4.000000 	 0.000000
10 	 23 	 -1.244898 	 4.000000 	 0.000000
10 	 24 	 -1.346939 	 4.000000 	 0.000000
10 	 25 	 -1.448980 	 4.000000 	 0.000000
10 	 26 	 -1.551020 	 4.000000 	 0.000000
10 	 27 	 -1.653061 	 4.000000 	 0.000000
10 	 28 	 -1.755102 	 4.000000 	 0.000000
10 	 29 	 -1.857143 	 4.000000 	 0.000000
10 	 30 	 -1.959184 	 4.000000 	 0.000000
10 	 31 	 -2.061224 	 4.000000 	 0.000000
10 	 32 	 -2.163265 	 4.000000 	 0.000000
10 	 33 	 -2.265306 	 4.000000 	 0.000000
10 	 34 	 -2.367347 	 4.000000 	 0.000000
10 	 35 	 -2.469388 	 4.000000 	 0.000000
10 	 36 	 -2.571429 	 4.000000 	 0.000000
10 	 37 	 -2.673469 	 4.000000 	 0.000000
10 	 38 	 -2.775510 	 4.000000 	 0.000000
10 	 39 	 -2.877551 	 4.000000 	 0.000000
10 	 40 	 -2.979592 	 4.000000 	 0.000000
10 	 41 	 -3.081633 	 4.000000 	 0.000000
10 	 42 	 -3.183673 	 4.000000 	 0.000000
10 	 43 	 -3.285714 	 4.000000 	 0.000000
10 	 44 	 -3.387755 	 4.000000 	 0.000000
10 	 45 	 -3.489796 	 4.000000 	 0.000000
10 	 46 	 -3.591837 	 4.000000 	 0.000000
10 	 47 	 -3.693878 	 4.000000 	 0.000000
10 	 48 	 -3.795918 	 4.000000 	 0.000000
10 	 49 	 -3.897959 	 4.000000 	 0.000000
10 	 50 	 -4.000000 	 4.000000 	 0.000000
11 	 1 	 1.000000 	 -4.000000 	 0.000000
11 	 2 	 0.897959 	 -4.000000 	 0.000000
11 	 3 	 0.795918 	 -4.000000 	 0.000000
11 	 4 	 0.693878 	 -4.000000 	 0.000000
11 	 5 	 0.591837 	 -4.000000 	 0.000000
11 	 6 	 0.489796 	 -4.000000 	 0.000000
11 	 7 	 0.387755 	 -4.000000 	 0.000000
11 	 8 	 0.285714 	 -4.000000 	 0.000000
11 	 9 	 0.183673 	 -4.000000 	 0.000000
11 	 10 	 0.081633 	 -4.000000 	 0.000000
11 	 11 	 -0.020408 	 -4.000000 	 0.000000
11 	 12 	 -0.122449 	 -4.000000 	 0.000000
11 	 13 	 -0.224490 	 -4.000000 	 0.000000
11 	 14 	 -0.326531 	 -4.000000 	 0.000000
11 	 15 	 -0.428571 	 -4.000000 	 0.000000
11 	 16 	 -0.530612 	 -4.000000 	 0.000000
11 	 17 	 -0.632653 	 -4.000000 	 0.000000
11 	 18 	 -0.734694 	 -4.000000 	 0.000000
11 	 19 	 -0.836735 	 -4.000000 	 0.000000
11 	 20 	 -0.938776 	 -4.000000 	 0.000000
11 	 21 	 -1.040816 	 -4.000000 	 0.000000
11 	 22 	 -1.142857 	 -4.000000 	 0.000000
11 	 23 	 -1.244898 	 -4.000000 	 0.000000
11 	 24 	 -1.346939 	 -4.000000 	 0.000000
11 	 25 	 -1.448980 	 -4.000000 	 0.000000
11 	 26 	 -1.551020 	 -4.000000 	 0.000000
11 	 27 	 -1.653061 	 -4.000000 	 0.000000
11 	 28 	 -1.755102 	 -4.000000 	 0.000000
11 	 29 	 -1.857143 	 -4.000000 	 0.000000
11 	 30 	 -1.959184 	 -4.000000 	 0.000000
11 	 31 	 -2.061224 	 -4.000000 	 0.000000
11 	 32 	 -2.163265 	 -4.000000 	 0.000000
11 	 33 	 -2.265306 	 -4.000000 	 0.000000
11 	 34 	 -2.367347 	 -4.000000 	 0.000000
11 	 35 	 -2.469388 	 -4.000000 	 0.000000
11 	 36 	 -2.571429 	 -4.000000 	 0.000000
11 	 37 	 -2.673469 	 -4.000000 	 0.000000
11 	 38 	 -2.775510 	 -4.000000 	 0.000000
11 	 39 	 -2.877551 	 -4.000000 	 0.000000
11 	 40 	 -2.979592 	 -4.000000 	 0.000000
11 	 41 	 -3.081633 	 -4.000000 	 0.000000
11 	 42 	 -3.183673 	 -4.000000 	 0.000000
11 	 43 	 -3.285714 	 -4.000000 	 0.000000
11 	 44 	 -3.387755 	 -4.000000 	 0.000000
11 	 45 	 -3.489796 	 -4.000000 	 0.000000
11 	 46 	 -3.591837 	 -4.000000 	 0.000000
11 	 47 	 -3.693878 	 -4.000000 	 0.000000
11 	 48 	 -3.795918 	 -4.000000 	 0.000000
11 	 49 	 -3.897959 	 -4.000000 	 0.000000
11 	 50 	 -4.000000 	 -4.000000 	 0.000000
12 	 1 	 4.000000 	 4.000000 	 0.000000
12 	 2 	 3.938776 	 4.000000 	 0.000000
12 	 3 	 3.877551 	 4.000000 	 0.000000
12 	 4 	 3.816327 	 4.000000 	 0.000000
12 	 5 	 3.755102 	 4.000000 	 0.000000
12 	 6 	 3.693878 	 4.000000 	 0.000000
12 	 7 	 3.632653 	 4.000000 	 0.000000
12 	 8 	 3.571429 	 4.000000 	 0.000000
12 	 9 	 3.510204 	 4.000000 	 0.000000
12 	 10 	 3.448980 	 4.000000 	 0.000000
12 	 11 	 3.387755 	 4.000000 	 0.000000
12 	 12 	 3.326531 	 4.000000 	 0.000000
12 	 13 	 3.265306 	 4.000000 	 0.000000
12 	 14 	 3.204082 	 4.000000 	 0.000000
12 	 15 	 3.142857 	 4.000000 	 0.000000
12 	 16 	 3.081633 	 4.000000 	 0.000000
12 	 17 	 3.020408 	 4.000000 	 0.000000
12 	 18 	 2.959184 	 4.000000 	 0.000000
12 	 19 	 2.897959 	 4.000000 	 0.000000
12 	 20 	 2.836735 	 4.000000 	 0.000000
12 	 21 	 2.775510 	 4.000000 	 0.000000
12 	 22 	 2.714286 	 4.000000 	 0.000000
12 	 23 	 2.653061 	 4.000000 	 0.000000
12 	 24 	 2.591837 	 4.000000 	 0.000000
12 	 25 	 2.530612 	 4.000000 	 0.000000
12 	 26 	 2.469388 	 4.000000 	 0.000000
12 	 27 	 2.408163 	 4.000000 	 0.000000
12 	 28 	 2.346939 	 4.000000 	 0.000000
12 	 29 	 2.285714 	 4.000000 	 0.000000
12 	 30 	 2.224490 	 4.000000 	 0.000000
12 	 31 	 2.163265 	 4.000000 	 0.000000
12 	 32 	 2.102041 	 4.000000 	 0.000000
12 	 33 	 2.040816 	 4.000000 	 0.000000
12 	 34 	 1.979592 	 4.000000 	 0.000000
12 	 35 	 1.918367 	 4.000000 	 0.000000
12 	 36 	 1.857143 	 4.000000 	 0.000000
12 	 37 	 1.795918 	 4.000000 	 0.000000
12 	 38 	 1.734694 	 4.000000 	 0.000000
12 	 39 	 1.673469 	 4.000000 	 0.000000
12 	 40 	 1.612245 	 4.000000 	 0.000000
12 	 41 	 1.551020 	 4.000000 	 0.000000
12 	 42 	 1.489796 	 4.000000 	 0.000000
12 	 43 	 1.428571 	 4.000000 	 0.000000
12 	 44 	 1.367347 	 4.000000 	 0.000000
12 	 45 	 1.306122 	 4.000000 	 0.000000
12 	 46 	 1.244898 	 4.000000 	 0.000000
12 	 47 	 1.183673 	 4.000000 	 0.000000
12 	 48 	 1.122449 	 4.000000 	 0.000000
12 	 49 	 1.061224 	 4.000000 	 0.000000
12 	 50 	 1.000000 	 4.000000 	 0.000000
13 	 1 	 4.000000 	 -4.000000 	 0.000000
13 	 2 	 3.938776 	 -4.000000 	 0.000000
13 	 3 	 3.877551 	 -4.000000 	 0.000000
13 	 4 	 3.816327 	 -4.000000 	 0.000000
13 	 5 	 3.755102 	 -4.000000 	 0.000000
13 	 6 	 3.693878 	 -4.000000 	 0.000000
13 	 7 	 3.632653 	 -4.000000 	 0.000000
13 	 8 	 3.571429 	 -4.000000 	 0.000000
13 	 9 	 3.510204 	 -4.000000 	 0.000000
13 	 10 	 3.448980 	 -4.000000 	 0.000000
13 	 11 	 3.387755 	 -4.000000 	 0.000000
13 	 12 	 3.326531 	 -4.000000 	 0.000000
13 	 13 	 3.265306 	 -4.000000 	 0.000000
13 	 14 	 3.204082 	 -4.000000 	 0.000000
13 	 15 	 3.142857 	 -4.000000 	 0.000000
13 	 16 	 3.081633 	 -4.000000 	 0.000000
13 	 17 	 3.020408 	 -4.000000 	 0.000000
13 	 18 	 2.959184 	 -4.000000 	 0.000000
13 	 19 	 2.897959 	 -4.000000 	 0.000000
13 	 20 	 2.836735 	 -4.000000 	 0.000000
13 	 21 	 2.775510 	 -4.000000 	 0.000000
13 	 22 	 2.714286 	 -4.000000 	 0.000000
13 	 23 	 2.653061 	 -4.000000 	 0.000000
13 	 24 	 2.591837 	 -4.000000 	 0.000000
13 	 25 	 2.530612 	 -4.000000 	 0.000000
13 	 26 	 2.469388 	 -4.000000 	 0.000000
13 	 27 	 2.408163 	 -4.000000 	 0.000000
13 	 28 	 2.346939 	 -4.000000 	 0.000000
13 	 29 	 2.285714 	 -4.000000 	 0.000000
13 	 30 	 2.224490 	 -4.000000 	 0.000000
13 	 31 	 2.163265 	 -4.000000 	 0.000000
13 	 32 	 2.102041 	 -4.000000 	 0.000000
13 	 33 	 2.040816 	 -4.000000 	 0.000000
13 	 34 	 1.979592 	 -4.000000 	 0.000000
13 	 35 	 1.918367 	 -4.000000 	 0.000000
13 	 36 	 1.857143 	 -4.000000 	 0.000000
13 	 37 	 1.795918 	 -4.000000 	 0.000000
13 	 38 	 1.734694 	 -4.000000 	 0.000000
13 	 39 	 1.673469 	 -4.000000 	 0.000000
13 	 40 	 1.612245 	 -4.000000 	 0.000000
13 	 41 	 1.551020 	 -4.000000 	 0.000000
13 	 42 	 1.489796 	 -4.000000 	 0.000000
13 	 43 	 1.428571 	 -4.000000 	 0.000000
13 	 44 	 1.367347 	 -4.000000 	 0.000000
13 	 45 	 1.306122 	 -4.000000 	 0.000000
13 	 46 	 1.244898 	 -4.000000 	 0.000000
13 	 47 	 1.183673 	 -4.000000 	 0.000000
13 	 48 	 1.122449 	 -4.000000 	 0.000000
13 	 49 	 1.061224 	 -4.000000 	 0.000000
13 	 50 	 1.000000 	 -4.000000 	 0.000000
14 	 1 	 -4.000000 	 -4.000000 	 0.000000
14 	 2 	 -4.000000 	 -3.836735 	 0.000000
14 	 3 	 -4.000000 	 -3.673469 	 0.000000
14 	 4 	 -4.000000 	 -3.510204 	 0.000000
14 	 5 	 -4.000000 	 -3.346939 	 0.000000
14 	 6 	 -4.000000 	 -3.183673 	 0.000000
14 	 7 	 -4.000000 	 -3.020408 	 0.000000
14 	 8 	 -4.000000 	 -2.857143 	 0.000000
14 	 9 	 -4.000000 	 -2.693878 	 0.000000
14 	 10 	 -4.000000 	 -2.530612 	 0.000000
14 	 11 	 -4.000000 	 -2.367347 	 0.000000
14 	 12 	 -4.000000 	 -2.204082 	 0.000000
14 	 13 	 -4.000000 	 -2.040816 	 0.000000
14 	 14 	 -4.000000 	 -1.877551 	 0.000000
14 	 15 	 -4.000000 	 -1.714286 	 0.000000
14 	 16 	 -4.000000 	 -1.551020 	 0.000000
14 	 17 	 -4.000000 	 -1.387755 	 0.000000
14 	 18 	 -4.000000 	 -1.224490 	 0.000000
14 	 19 	 -4.000000 	 -1.061224 	 0.000000
14 	 20 	 -4.000000 	 -0.897959 	 0.000000
14 	 21 	 -4.000000 	 -0.734694 	 0.000000
14 	 22 	 -4.000000 	 -0.571429 	 0.000000
14 	 23 	 -4.000000 	 -0.408163 	 0.000000
14 	 24 	 -4.000000 	 -0.244898 	 0.000000
14 	 25 	 -4.000000 	 -0.081633 	 0.000000
14 	 26 	 -4.000000 	 0.081633 	 0.000000
14 	 27 	 -4.000000 	 0.244898 	 0.000000
14 	 28 	 -4.000000 	 0.408163 	 0.000000
14 	 29 	 -4.000000 	 0.571429 	 0.000000
14 	 30 	 -4.000000 	 0.734694 	 0.000000
14 	 31 	 -4.000000 	 0.897959 	 0.000000
14 	 32 	 -4.000000 	 1.061224 	 0.000000
14 	 33 	 -4.000000 	 1.224490 	 0.000000
14 	 34 	 -4.000000 	 1.387755 	 0.000000
14 	 35 	 -4.000000 	 1.551020 	 0.000000
14 	 36 	 -4.000000 	 1.714286 	 0.000000
14 	 37 	 -4.000000 	 1.877551 	 0.000000
14 	 38 	 -4.000000 	 2.040816 	 0.000000
14 	 39 	 -4.000000 	 2.204082 	 0.000000
14 	 40 	 -4.000000 	 2.367347 	 0.000000
14 	 41 	 -4.000000 	 2.530612 	 0.000000
14 	 42 	 -4.000000 	 2.693878 	 0.000000
14 	 43 	 -4.000000 	 2.857143 	 0.000000
14 	 44 	 -4.000000 	 3.020408 	 0.000000
14 	 45 	 -4.000000 	 3.183673 	 0.000000
14 	 46 	 -4.000000 	 3.346939 	 0.000000
14 	 47 	 -4.000000 	 3.510204 	 0.000000
14 	 48 	 -4.000000 	 3.673469 	 0.000000
14 	 49 	 -4.000000 	 3.836735 	 0.000000
14 	 50 	 -4.000000 	 4.000000 	 0.000000
15 	 1 	 4.000000 	 -4.000000 	 0.000000
15 	 2 	 4.000000 	 -3.836735 	 0.000000
15 	 3 	 4.000000 	 -3.673469 	 0.000000
15 	 4 	 4.000000 	 -3.510204 	 0.000000
15 	 5 	 4.000000 	 -3.346939 	 0.000000
15 	 6 	 4.000000 	 -3.183673 	 0.000000
15 	 7 	 4.000000 	 -3.020408 	 0.000000
15 	 8 	 4.000000 	 -2.857143 	 0.000000
15 	 9 	 4.000000 	 -2.693878 	 0.000000
15 	 10 	 4.000000 	 -2.530612 	 0.000000
15 	 11 	 4.000000 	 -2.367347 	 0.000000
15 	 12 	 4.000000 	 -2.204082 	 0.000000
15 	 13 	 4.000000 	 -2.040816 	 0.000000
15 	 14 	 4.000000 	 -1.877551 	 0.000000
15 	 15 	 4.000000 	 -1.714286 	 0.000000
15 	 16 	 4.000000 	 -1.551020 	 0.000000
15 	 17 	 4.000000 	 -1.387755 	 0.000000
15 	 18 	 4.000000 	 -1.224490 	 0.000000
15 	 19 	 4.000000 	 -1.061224 	 0.000000
15 	 20 	 4.000000 	 -0.897959 	 0.000000
15 	 21 	 4.000000 	 -0.734694 	 0.000000
15 	 22 	 4.000000 	 -0.571429 	 0.000000
15 	 23 	 4.000000 	 -0.408163 	 0.000000
15 	 24 	 4.000000 	 -0.244898 	 0.000000
15 	 25 	 4.000000 	 -0.081633 	 0.000000
15 	 26 	 4.000000 	 0.081633 	 0.000000
15 	 27 	 4.000000 	 0.244898 	 0.000000
15 	 28 	 4.000000 	 0.408163 	 0.000000
15 	 29 	 4.000000 	 0.571429 	 0.000000
15 	 30 	 4.000000 	 0.734694 	 0.000000
15 	 31 	 4.000000 	 0.897959 	 0.000000
15 	 32 	 4.000000 	 1.061224 	 0.000000
15 	 33 	 4.000000 	 1.224490 	 0.000000
15 	 34 	 4.000000 	 1.387755 	 0.000000
15 	 35 	 4.000000 	 1.551020 	 0.000000
15 	 36 	 4.000000 	 1.714286 	 0.000000
15 	 37 	 4.000000 	 1.877551 	 0.000000
15 	 38 	 4.000000 	 2.040816 	 0.000000
15 	 39 	 4.000000 	 2.204082 	 0.000000
15 	 40 	 4.000000 	 2.367347 	 0.000000
15 	 41 	 4.000000 	 2.530612 	 0.000000
15 	 42 	 4.000000 	 2.693878 	 0.000000
15 	 43 	 4.000000 	 2.857143 	 0.000000
15 	 44 	 4.000000 	 3.020408 	 0.000000
15 	 45 	 4.000000 	 3.183673 	 0.000000
15 	 46 	 4.000000 	 3.346939 	 0.000000
15 	 47 	 4.000000 	 3.510204 	 0.000000
15 	 48 	 4.000000 	 3.673469 	 0.000000
15 	 49 	 4.000000 	 3.836735 	 0.000000
15 	 50 	 4.000000 	 4.000000 	 0.000000
16 	 1 	 -2.000000 	 0.000000 	 0.000000
16 	 2 	 -2.040816 	 0.000000 	 0.000000
16 	 3 	 -2.081633 	 0.000000 	 0.000000
16 	 4 	 -2.122449 	 0.000000 	 0.000000
16 	 5 	 -2.163265 	 0.000000 	 0.000000
16 	 6 	 -2.204082 	 0.000000 	 0.000000
16 	 7 	 -2.244898 	 0.000000 	 0.000000
16 	 8 	 -2.285714 	 0.000000 	 0.000000
16 	 9 	 -2.326531 	 0.000000 	 0.000000
16 	 10 	 -2.367347 	 0.000000 	 0.000000
16 	 11 	 -2.408163 	 0.000000 	 0.000000
16 	 12 	 -2.448980 	 0.000000 	 0.000000
16 	 13 	 -2.489796 	 0.000000 	 0.000000
16 	 14 	 -2.530612 	 0.000000 	 0.000000
16 	 15 	 -2.571429 	 0.000000 	 0.000000
16 	 16 	 -2.612245 	 0.000000 	 0.000000
16 	 17 	 -2.653061 	 0.000000 	 0.000000
16 	 18 	 -2.693878 	 0.000000 	 0.000000
16 	 19 	 -2.734694 	 0.000000 	 0.000000
16 	 20 	 -2.775510 	 0.000000 	 0.000000
16 	 21 	 -2.816327 	 0.000000 	 0.000000
16 	 22 	 -2.857143 	 0.000000 	 0.000000
16 	 23 	 -2.897959 	 0.000000 	 0.000000
16 	 24 	 -2.938776 	 0.000000 	 0.000000
16 	 25 	 -2.979592 	 0.000000 	 0.000000
16 	 26 	 -3.020408 	 0.000000 	 0.000000
16 	 27 	 -3.061224 	 0.000000 	 0.000000
16 	 28 	 -3.102041 	 0.000000 	 0.000000
16 	 29 	 -3.142857 	 0.000000 	 0.000000
16 	 30 	 -3.183673 	 0.000000 	 0.000000
16 	 31 	 -3.224490 	 0.000000 	 0.000000
16 	 32 	 -3.265306 	 0.000000 	 0.000000
16 	 33 	 -3.306122 	 0.000000 	 0.000000
16 	 34 	 -3.346939 	 0.000000 	 0.000000
16 	 35 	 -3.387755 	 0.000000 	 0.000000
16 	 36 	 -3.428571 	 0.000000 	 0.000000
16 	 37 	 -3.469388 	 0.000000 	 0.000000
16 	 38 	 -3.510204 	 0.000000 	 0.000000
16 	 39 	 -3.551020 	 0.000000 	 0.000000
16 	 40 	 -3.591837 	 0.000000 	 0.000000
16 	 41 	 -3.632653 	 0.000000 	 0.000000
16 	 42 	 -3.673469 	 0.000000 	 0.000000
16 	 43 	 -3.714286 	 0.000000 	 0.000000
16 	 44 	 -3.755102 	 0.000000 	 0.000000
16 	 45 	 -3.795918 	 0.000000 	 0.000000
16 	 46 	 -3.836735 	 0.000000 	 0.000000
16 	 47 	 -3.877551 	 0.000000 	 0.000000
16 	 48 	 -3.918367 	 0.000000 	 0.000000
16 	 49 	 -3.959184 	 0.000000 	 0.000000
16 	 50 	 -4.000000 	 0.000000 	 0.000000
17 	 1 	 4.000000 	 0.000000 	 0.000000
17 	 2 	 3.938776 	 0.000000 	 0.000000
17 	 3 	 3.877551 	 0.000000 	 0.000000
17 	 4 	 3.816327 	 0.000000 	 0.000000
17 	 5 	 3.755102 	 0.000000 	 0.000000
17 	 6 	 3.693878 	 0.000000 	 0.000000
17 	 7 	 3.632653 	 0.000000 	 0.000000
17 	 8 	 3.571429 	 0.000000 	 0.000000
17 	 9 	 3.510204 	 0.000000 	 0.000000
17 	 10 	 3.448980 	 0.000000 	 0.000000
17 	 11 	 3.387755 	 0.000000 	 0.000000
17 	 12 	 3.326531 	 0.000000 	 0.000000
17 	 13 	 3.265306 	 0.000000 	 0.000000
17 	 14 	 3.204082 	 0.000000 	 0.000000
17 	 15 	 3.142857 	 0.000000 	 0.000000
17 	 16 	 3.081633 	 0.000000 	 0.000000
17 	 17 	 3.020408 	 0.000000 	 0.000000
17 	 18 	 2.959184 	 0.000000 	 0.000000
17 	 19 	 2.897959 	 0.000000 	 0.000000
17 	 20 	 2.836735 	 0.000000 	 0.000000
17 	 21 	 2.775510 	 0.000000 	 0.000000
17 	 22 	 2.714286 	 0.000000 	 0.000000
17 	 23 	 2.653061 	 0.000000 	 0.000000
17 	 24 	 2.591837 	 0.000000 	 0.000000
17 	 25 	 2.530612 	 0.000000 	 0.000000
17 	 26 	 2.469388 	 0.000000 	 0.000000
17 	 27 	 2.408163 	 0.000000 	 0.000000
17 	 28 	 2.346939 	 0.000000 	 0.000000
17 	 29 	 2.285714 	 0.000000 	 0.000000
17 	 30 	 2.224490 	 0.000000 	 0.000000
17 	 31 	 2.163265 	 0.000000 	 0.000000
17 	 32 	 2.102041 	 0.000000 	 0.000000
17 	 33 	 2.040816 	 0.000000 	 0.000000
17 	 34 	 1.979592 	 0.000000 	 0.000000
17 	 35 	 1.918367 	 0.000000 	 0.000000
17 	 36 	 1.857143 	 0.000000 	 0.000000
17 	 37 	 1.795918 	 0.000000 	 0.000000
17 	 38 	 1.734694 	 0.000000 	 0.000000
17 	 39 	 1.673469 	 0.000000 	 0.000000
17 	 40 	 1.612245 	 0.000000 	 0.000000
17 	 41 	 1.551020 	 0.000000 	 0.000000
17 	 42 	 1.489796 	 0.000000 	 0.000000
17 	 43 	 1.428571 	 0.000000 	 0.000000
17 	 44 	 1.367347 	 0.000000 	 0.000000
17 	 45 	 1.306122 	 0.000000 	 0.000000
17 	 46 	 1.244898 	 0.000000 	 0.000000
17 	 47 	 1.183673 	 0.000000 	 0.000000
17 	 48 	 1.122449 	 0.000000 	 0.000000
17 	 49 	 1.061224 	 0.000000 	 0.000000
17 	 50 	 1.000000 	 0.000000 	 0.000000
